3540
3540
0 0 2042734.39029328
0 1 -12854.2024199786
0 2 -129627.194580285
0 18 142692.424881017
0 19 -131461.988231765
0 20 120486.647088934
0 21 -624134.560963788
0 22 -95298.7743194707
0 23 204501.264058285
0 24 -422294.203478275
0 25 258760.234674479
0 26 111301.411634884
0 30 -224239.260314688
0 31 194084.521830722
0 32 -178255.453810061
0 48 -13144.1111543377
0 49 -317833.124392041
0 50 -56425.0436774014
0 3117 -246438.541347154
0 3118 -33895.2134321382
0 3119 198509.603791926
0 3120 65977.161992115
0 3121 -38684.5125160138
0 3122 -47207.3480967579
0 3123 294496.788590494
0 3124 122838.926093328
0 3125 131134.302032589
0 3126 -692041.399674999
0 3127 3091.93491450507
0 3128 84711.1335989733
0 3129 634469.497994379
0 3130 218648.862186422
0 3131 -295309.491146275
0 3132 -874500.823933684
0 3133 -3286.59455227527
0 3134 35299.5518923273
0 3198 -83577.3628843607
0 3199 -164110.069835772
0 3200 -179119.382787139
1 0 -12854.2024199786
1 1 885293.042369541
1 2 -101842.004688083
1 18 -131461.988231765
1 19 -36699.3970387986
1 20 223620.120440515
1 21 -118644.052480391
1 22 -144736.722641052
1 23 104844.325493204
1 24 51602.3955940202
1 25 -79238.3765656798
1 26 5843.64632116112
1 30 59148.6137847452
1 31 -114039.737047431
1 32 66239.7454888777
1 48 -317833.124392042
1 49 39020.8674618032
1 50 -126561.134022311
1 3117 57522.25783223
1 3118 -10610.3541592365
1 3119 -36043.575512254
1 3120 -38684.5125160137
1 3121 -57925.6703578501
1 3122 -284859.055503063
1 3123 122838.926093328
1 3124 11914.0992865804
1 3125 -78555.1721528278
1 3126 161373.121121402
1 3127 -59538.9503285849
1 3128 -28180.387213258
1 3129 218648.862186421
1 3130 124420.225353746
1 3131 70477.612450722
1 3132 -3286.59455227543
1 3133 -572363.237123377
1 3134 154053.082869389
1 3198 -48369.7020196802
1 3199 14504.2107903398
1 3200 30962.7960279295
2 0 -129627.194580285
2 1 -101842.004688083
2 2 1546118.51192287
2 18 120486.647088933
2 19 223620.120440517
2 20 -19020.9889795172
2 21 277889.76980541
2 22 -110829.237725188
2 23 -850068.258174663
2 24 180179.572554426
2 25 -58441.4111501057
2 26 -47181.166950253
2 30 -157529.017028456
2 31 282083.423649798
2 32 -399911.698006277
2 48 -56425.0436773974
2 49 -126561.134022312
2 50 95008.1063736534
2 3117 151263.626780431
2 3118 117547.229085448
2 3119 -161536.359851742
2 3120 -47207.3480967633
2 3121 -284859.055503061
2 3122 -54799.9078103799
2 3123 131134.302032587
2 3124 -78555.1721528308
2 3125 225804.961392125
2 3126 -9403.80892976135
2 3127 -28350.5021557878
2 3128 -194334.374123767
2 3129 -295309.491146279
2 3130 70477.6124507204
2 3131 129037.696608889
2 3132 35299.5518923418
2 3133 154053.082869391
2 3134 -300086.602889927
2 3198 -200751.566695188
2 3199 -58342.9510985061
2 3200 30970.0804889933
3 3 520255.855202772
3 4 160518.733751748
3 5 -68283.940724397
3 6 -325460.118809235
3 7 77979.2731329661
3 8 -37076.581003437
3 27 34499.7319898068
3 28 98556.9609538909
3 29 111057.414359645
3 33 -125176.5983798
3 34 -117234.797817326
3 35 282126.394781331
3 36 -108667.462378637
3 37 -223536.572426672
3 38 -114591.054060005
3 39 4548.5923750931
3 40 3716.4024053928
3 41 -173232.233353137
4 3 160518.733751748
4 4 139271.222861804
4 5 -17174.5580055651
4 6 -91745.7843382981
4 7 22199.3086110006
4 8 -7251.72568448812
4 27 22205.7885400977
4 28 34970.1900092687
4 29 30962.39863544
4 33 -40449.8782770957
4 34 -79999.686616932
4 35 106466.818586019
4 36 -58330.135645063
4 37 -101173.362652888
4 38 -44206.0333472843
4 39 7801.27596861121
4 40 -15267.672212253
4 41 -68796.9001841215
5 3 -68283.940724397
5 4 -17174.5580055651
5 5 386632.374216767
5 6 32422.2695712718
5 7 43083.9064994162
5 8 93989.9538122334
5 27 -12616.1488587489
5 28 -69943.3484910019
5 29 -98883.2290834804
5 33 91358.5786893793
5 34 97878.3128388972
5 35 -266459.06187958
5 36 -41689.9046347147
5 37 -48946.2632323383
5 38 88913.0469120234
5 39 -1190.85404279043
5 40 -4898.04960940807
5 41 -204193.083977964
6 3 -325460.118809235
6 4 -91745.7843382981
6 5 32422.2695712718
6 6 1483760.81024151
6 7 -104824.855144907
6 8 -331051.502591005
6 27 -65492.0545665829
6 28 -106036.290999128
6 29 -143259.418185139
6 33 -15851.5908888453
6 34 112540.942778518
6 35 -186032.103652207
6 36 -134705.894996783
6 37 217096.538990744
6 38 96371.9559242964
6 39 9687.68972451757
6 40 20985.710029349
6 41 146538.33625201
6 1209 -195706.193728885
6 1210 -248643.215167294
6 1211 151506.471802121
6 3009 -602719.978972902
6 3010 117488.490827342
6 3011 -132448.502592007
6 3012 278198.6680958
6 3013 -2786.40040828504
6 3014 -249807.996854935
6 3015 116608.57868249
6 3016 -87463.2422128463
6 3017 -61590.5864442975
6 3024 -321991.65356966
6 3025 219511.482735533
6 3026 388085.885283177
6 3054 127664.661008597
6 3055 -26038.7843212256
6 3056 72870.1153151268
6 3231 -353992.922220023
6 3232 -20084.5927695034
6 3233 216395.076171588
7 3 77979.2731329661
7 4 22199.3086110006
7 5 43083.9064994162
7 6 -104824.855144907
7 7 1000062.63392843
7 8 193218.895048764
7 27 -62420.8427232657
7 28 -121301.014311049
7 29 -113280.153472605
7 33 112540.942778518
7 34 86337.5155936247
7 35 146985.874290343
7 36 217096.538990744
7 37 -469173.903697107
7 38 -129673.574638288
7 39 132689.158305211
7 40 51947.4914393582
7 41 -80775.6070955823
7 1209 -248643.215167294
7 1210 -90697.4573660115
7 1211 138402.008458756
7 3009 -37830.4057243824
7 3010 -172270.64923876
7 3011 91203.6550776704
7 3012 -2786.4004082851
7 3013 240736.960886761
7 3014 -145332.112039222
7 3015 -87463.2422128464
7 3016 -177075.334594331
7 3017 -204751.339309907
7 3024 85149.6436550735
7 3025 -109245.007021341
7 3026 -82651.1974112412
7 3054 -26038.7843212258
7 3055 8451.60568299746
7 3056 243277.091349116
7 3231 -55447.8111603072
7 3232 -269972.149913572
7 3233 -99707.4467572193
8 3 -37076.581003437
8 4 -7251.72568448812
8 5 93989.9538122334
8 6 -331051.502591005
8 7 193218.895048764
8 8 2004514.69360577
8 27 -235369.763012723
8 28 -327008.889104786
8 29 -508477.536279661
8 33 -186032.103652219
8 34 146985.87429033
8 35 28903.0834552667
8 36 96371.9559242995
8 37 -129673.574638286
8 38 52686.1732085553
8 39 190322.244297986
8 40 54314.0480768329
8 41 -64268.2345000292
8 1209 151506.471802119
8 1210 138402.008458755
8 1211 185892.813841404
8 3009 -84122.0658103974
8 3010 169842.735537446
8 3011 -116593.798233344
8 3012 -249807.99685493
8 3013 -145332.112039231
8 3014 129405.648205446
8 3015 -61590.5864443071
8 3016 -204751.339309908
8 3017 -44212.6704417596
8 3024 405860.597926855
8 3025 -259704.070974458
8 3026 -437108.109961431
8 3054 72870.1153151344
8 3055 243277.09134912
8 3056 -459390.093378612
8 3231 268119.214102624
8 3232 127681.058989908
8 3233 -865341.923333839
9 9 1467580.47980394
9 10 -65494.9127941727
9 11 -133396.244341992
9 42 -225445.792222701
9 43 80067.2797771648
9 44 -100537.669904554
9 45 78294.552386375
9 46 13805.5227462296
9 47 -67836.4710691517
9 51 -541653.020908347
9 52 317094.066579594
9 53 310350.922245846
9 54 86417.9329325826
9 55 -113426.995958608
9 56 -59690.553558687
9 57 176805.398891888
9 58 25883.5456664845
9 59 237791.597410722
9 60 -709037.542503209
9 61 -27051.2144235084
9 62 123164.070536875
9 63 -10741.9304603975
9 64 -68494.750606593
9 65 104283.623719191
9 66 -250570.825317769
9 67 -16889.6079743008
9 68 -71259.0013325751
9 69 -133082.147400772
9 70 89529.6600791023
9 71 -188431.544292509
9 3213 61432.8947984077
9 3214 -235022.593091392
9 3215 -154438.729413166
10 9 -65494.9127941727
10 10 708610.361510407
10 11 75315.3371492338
10 42 -126187.892636628
10 43 69392.1640293577
10 44 -65315.7125996404
10 45 32866.396309448
10 46 44425.585078979
10 47 -119511.825707141
10 51 383295.537843962
10 52 -319050.922869409
10 53 -226009.068116371
10 54 -68973.6626252748
10 55 -171008.793400365
10 56 115533.785203851
10 57 41284.9249768293
10 58 29724.3168276852
10 59 66287.9212700238
10 60 -210243.490285577
10 61 -116651.657205074
10 62 135496.263077186
10 63 1051.82410605065
10 64 56657.7007737441
10 65 -71579.8599329404
10 66 134085.012715355
10 67 1089.36488449929
10 68 52198.542232562
10 69 113338.855481401
10 70 -74243.0867359966
10 71 147213.876658685
10 3213 -235022.593091392
10 3214 -228945.032893827
10 3215 -109629.259235448
11 9 -133396.244341992
11 10 75315.3371492338
11 11 484684.439254222
11 42 -79023.7388700708
11 43 -42504.6781168818
11 44 134859.772905507
11 45 24273.8737584346
11 46 69799.9444078016
11 47 -242937.98013264
11 51 288836.991211363
11 52 -61530.907196831
11 53 -219625.574180196
11 54 -35649.174248342
11 55 -16005.9849110912
11 56 -43473.9844837191
11 57 62962.6318934809
11 58 13057.1626493342
11 59 92388.7055336596
11 60 19431.6567437717
11 61 57011.2056059214
11 62 -262853.264419275
11 63 12173.2788916048
11 64 -4748.18177202085
11 65 -2033.84975441861
11 66 8432.03315018349
11 67 10790.726140608
11 68 -18557.8063524459
11 69 -13602.5787752675
11 70 8444.63527937445
11 71 3650.60073352583
11 3213 -154438.729413166
11 3214 -109629.259235448
11 3215 73898.9408957801
12 12 550995.759378852
12 13 216194.222162474
12 14 -131066.844886664
12 15 -73263.0932351783
12 16 -73047.6041341913
12 17 48055.9561834685
12 18 -44587.1107970203
12 19 70875.1653191742
12 20 141913.401791286
12 21 -74342.5394840678
12 22 -269092.29229337
12 23 136615.839820776
12 24 49874.3481299234
12 25 -28253.7962359115
12 26 -54854.5468143987
12 3114 -244089.793560594
12 3115 -89499.7618325649
12 3116 -216747.974526318
12 3129 -233861.460714506
12 3130 159806.777555739
12 3131 164636.60337351
12 3201 69273.8902825916
12 3202 13017.2894586499
12 3203 -88552.4349416602
13 12 216194.222162474
13 13 630115.415959643
13 14 81647.7096696995
13 15 165471.20046351
13 16 -471272.382515027
13 17 -164722.777043094
13 18 4821.18830768012
13 19 -24139.4072726447
13 20 1980.78291761812
13 21 -269092.29229337
13 22 -109296.359108224
13 23 254111.668927018
13 24 75839.6290514449
13 25 4798.59170197892
13 26 97503.5746102878
13 3114 -261964.589418771
13 3115 -79017.1688969154
13 3116 -154055.709672628
13 3129 -37278.8316396629
13 3130 44493.1642601401
13 3131 43913.6772721272
13 3201 106009.473366696
13 3202 4318.14587104881
13 3203 -160378.926681028
14 12 -131066.844886664
14 13 81647.7096696995
14 14 713373.296492028
14 15 38373.197562779
14 16 -114060.708077577
14 17 -89791.0730814729
14 18 39393.8615614012
14 19 -179895.079151347
14 20 -424565.353015209
14 21 136615.839820777
14 22 254111.668927018
14 23 -8252.206188935
14 24 -217535.006584514
14 25 92459.8964493688
14 26 -50633.4632044812
14 3114 -104545.675675745
14 3115 -22841.9165691812
14 3116 -73589.8602436508
14 3129 218714.764293051
14 3130 -94219.6560612052
14 3131 -17467.7464169347
14 3201 20049.8639089137
14 3202 -17201.9151867769
14 3203 -49073.5943413444
15 12 -73263.0932351783
15 13 165471.20046351
15 14 38373.197562779
15 15 652789.86162473
15 16 -128522.064087423
15 17 -271678.685657317
15 21 -410550.229428002
15 22 52219.7056636837
15 23 409136.243884923
15 24 70902.9673020383
15 25 3062.0186667363
15 26 81065.3818653718
15 3105 -139907.612635471
15 3106 -261594.754756751
15 3107 -144858.748915838
15 3114 -79620.4671239511
15 3115 193310.195600748
15 3116 -93583.7138037898
15 3201 -20351.4265041653
15 3202 -23946.301550504
15 3203 -18453.6749361288
16 12 -73047.6041341913
16 13 -471272.382515027
16 14 -114060.708077577
16 15 -128522.064087423
16 16 581468.326462281
16 17 231221.662961837
16 21 211025.866583224
16 22 -45927.7215075219
16 23 -166712.238845865
16 24 -65696.9238619993
16 25 -15399.6981200508
16 26 -89432.5670138461
16 3105 -72082.7087797388
16 3106 -115442.310533808
16 3107 -42586.4180758801
16 3114 193310.195600747
16 3115 116412.496231529
16 3116 106836.195778319
16 3201 -64986.7613206187
16 3202 -49838.7100174026
16 3203 74734.0732730119
17 12 48055.9561834685
17 13 -164722.777043094
17 14 -89791.0730814729
17 15 -271678.685657317
17 16 231221.662961837
17 17 731776.643631188
17 21 310253.485264233
17 22 -19337.5262021883
17 23 -368485.22090844
17 24 -59159.9054909495
17 25 -20572.7968989041
17 26 -105010.563904658
17 3105 -88201.2776514718
17 3106 -108195.613478182
17 3107 -33238.3785959117
17 3114 -93583.7138037886
17 3115 106836.195778323
17 3116 211739.657407869
17 3201 154314.141155826
17 3202 -25229.1451177912
17 3203 -346991.064548574
18 0 142692.424881017
18 1 -131461.988231765
18 2 120486.647088933
18 12 -44587.1107970203
18 13 4821.18830768012
18 14 39393.8615614012
18 18 923525.756061949
18 19 -61885.8823972341
18 20 -275814.318036342
18 21 47486.2849071139
18 22 -178500.134444388
18 23 -106082.910396454
18 24 -374293.903100938
18 25 197461.848990034
18 26 43600.64613864
18 48 -47220.1676189199
18 49 -67785.4275122414
18 50 45442.4898944629
18 3129 -132414.243408384
18 3130 92295.3534579009
18 3131 -213761.91758212
18 3132 -551050.458769945
18 3133 42691.1226162818
18 3134 327087.782459408
18 3135 35861.4178451259
18 3136 102363.919213731
18 3137 19647.7188720704
19 0 -131461.988231765
19 1 -36699.3970387986
19 2 223620.120440517
19 12 70875.1653191742
19 13 -24139.4072726447
19 14 -179895.079151347
19 18 -61885.8823972341
19 19 603099.632999455
19 20 -6731.38862499141
19 21 -178500.134444388
19 22 -159498.071716633
19 23 -130546.104074296
19 24 406532.193817621
19 25 -273752.916196221
19 26 -50901.354055287
19 48 24027.7219130461
19 49 -121756.2019066
19 50 129320.169380256
19 3129 -49618.6695306051
19 3130 47794.364394717
19 3131 -64255.4664750858
19 3132 -115176.0038205
19 3133 -162977.695695905
19 3134 70605.4567262556
19 3135 35207.5973746507
19 3136 127929.69243263
19 3137 8783.64583397875
20 0 120486.647088934
20 1 223620.120440515
20 2 -19020.9889795172
20 12 141913.401791286
20 13 1980.78291761812
20 14 -424565.353015209
20 18 -275814.318036342
20 19 -6731.38862499141
20 20 1102670.20876413
20 21 -106082.910396455
20 22 -130546.104074296
20 23 94018.7146686287
20 24 42405.2438397896
20 25 -850.779342645219
20 26 24896.9945494563
20 48 -107389.694013583
20 49 50294.8820239368
20 50 -479927.87519382
20 3129 -162851.57275453
20 3130 34673.2691570997
20 3131 88459.9146453185
20 3132 377400.426137571
20 3133 -32245.1179863813
20 3134 -360006.539351612
20 3135 -30067.22365667
20 3136 -140195.664510856
20 3137 -26525.0760873794
21 0 -624134.560963788
21 1 -118644.052480391
21 2 277889.76980541
21 12 -74342.5394840678
21 13 -269092.29229337
21 14 136615.839820777
21 15 -410550.229428002
21 16 211025.866583224
21 17 310253.485264233
21 18 47486.2849071139
21 19 -178500.134444388
21 20 -106082.910396455
21 21 2175534.5384178
21 22 139194.567908941
21 23 -446081.973249576
21 24 -363949.402162197
21 25 73927.2077550394
21 26 -142058.596532795
21 3105 -23755.698183649
21 3106 -122596.477804729
21 3107 -104132.795865526
21 3114 -4038.84152750075
21 3115 62905.1913564653
21 3116 -165190.14650568
21 3129 -674273.03226803
21 3130 185940.95434705
21 3131 195898.330262141
21 3132 759064.958658889
21 3133 200565.518678825
21 3134 -85591.8413918102
21 3198 -807041.477966572
21 3199 -184726.349606667
21 3200 128480.838789281
22 0 -95298.7743194707
22 1 -144736.722641052
22 2 -110829.237725188
22 12 -269092.29229337
22 13 -109296.359108224
22 14 254111.668927018
22 15 52219.7056636837
22 16 -45927.7215075219
22 17 -19337.5262021883
22 18 -178500.134444388
22 19 -159498.071716633
22 20 -130546.104074296
22 21 139194.567908941
22 22 808444.957011444
22 23 97534.9477725568
22 24 -89350.953164501
22 25 19440.3327121611
22 26 -6800.96568208352
22 3105 -34313.066310476
22 3106 -151551.105673141
22 3107 -105826.216029638
22 3114 62905.1913564646
22 3115 121069.408807266
22 3116 173994.902574153
22 3129 185940.954347051
22 3130 -412455.014160075
22 3131 20146.0253467945
22 3132 200565.518678824
22 3133 100611.765143411
22 3134 -187628.407494403
22 3198 25729.2825772405
22 3199 -26101.4688676352
22 3200 15180.9125872748
23 0 204501.264058285
23 1 104844.325493204
23 2 -850068.258174663
23 12 136615.839820776
23 13 254111.668927018
23 14 -8252.206188935
23 15 409136.243884923
23 16 -166712.238845865
23 17 -368485.22090844
23 18 -106082.910396454
23 19 -130546.104074296
23 20 94018.7146686287
23 21 -446081.973249576
23 22 97534.9477725568
23 23 1558470.42624058
23 24 -132835.608027048
23 25 69461.1032834359
23 26 12450.8484641608
23 3105 -85410.9567850648
23 3106 -286046.905684814
23 3107 -236921.923434203
23 3114 -165190.146505677
23 3115 173994.902574157
23 3116 -241765.884191469
23 3129 195898.330262141
23 3130 20146.0253467944
23 3131 -73920.2431664928
23 3132 -85591.8413918176
23 3133 -187628.407494405
23 3134 170240.524614801
23 3198 75041.7583295118
23 3199 50840.682702215
23 3200 -55766.7779239669
24 0 -422294.203478275
24 1 51602.3955940202
24 2 180179.572554426
24 12 49874.3481299234
24 13 75839.6290514449
24 14 -217535.006584514
24 15 70902.9673020383
24 16 -65696.9238619993
24 17 -59159.9054909495
24 18 -374293.903100938
24 19 406532.193817621
24 20 42405.2438397896
24 21 -363949.402162197
24 22 -89350.953164501
24 23 -132835.608027048
24 24 984824.487343421
24 25 -468897.693239787
24 26 -26528.0173541829
24 30 152289.284807588
24 31 -158540.479508512
24 32 115709.60020579
24 48 -97353.578841561
24 49 248511.831311714
24 50 97764.1208566885
25 0 258760.234674479
25 1 -79238.3765656798
25 2 -58441.4111501057
25 12 -28253.7962359115
25 13 4798.59170197892
25 14 92459.8964493688
25 15 3062.0186667363
25 16 -15399.6981200508
25 17 -20572.7968989041
25 18 197461.848990034
25 19 -273752.916196221
25 20 -850.779342645219
25 21 73927.2077550394
25 22 19440.3327121611
25 23 69461.1032834359
25 24 -468897.693239787
25 25 447300.43187581
25 26 92884.4662472499
25 30 -118885.307094719
25 31 172024.328179971
25 32 -103048.919987174
25 48 82825.4864841285
25 49 -275172.69358797
25 50 -71891.558601226
26 0 111301.411634884
26 1 5843.64632116112
26 2 -47181.166950253
26 12 -54854.5468143987
26 13 97503.5746102878
26 14 -50633.4632044812
26 15 81065.3818653718
26 16 -89432.5670138461
26 17 -105010.563904658
26 18 43600.64613864
26 19 -50901.354055287
26 20 24896.9945494563
26 21 -142058.596532795
26 22 -6800.96568208352
26 23 12450.8484641608
26 24 -26528.0173541829
26 25 92884.4662472499
26 26 296845.385301365
26 30 -4814.53772523548
26 31 11305.1030013228
26 32 4843.89054055868
26 48 -7711.74121228346
26 49 -60401.9034288051
26 50 -136211.924796149
27 3 34499.7319898068
27 4 22205.7885400977
27 5 -12616.1488587489
27 6 -65492.0545665829
27 7 -62420.8427232657
27 8 -235369.763012723
27 27 535490.522396224
27 28 239634.317519441
27 29 47945.4269116056
27 33 -29364.0358569585
27 34 -14929.2690719706
27 35 36396.2568075969
27 3024 -305631.040345151
27 3025 61687.8383230897
27 3026 -149023.50556651
27 3030 -110835.939923095
27 3031 61401.8326027764
27 3032 212576.929781122
27 3048 22279.5736631248
27 3049 -1395.21852546792
27 3050 -56351.8466324988
27 3054 -92213.7360973704
27 3055 -312201.87025765
27 3056 75470.066182507
27 3189 11266.9787400023
27 3190 6017.42359294946
27 3191 80972.584387649
28 3 98556.9609538909
28 4 34970.1900092687
28 5 -69943.3484910019
28 6 -106036.290999128
28 7 -121301.014311049
28 8 -327008.889104786
28 27 239634.317519441
28 28 599195.677248538
28 29 81523.9467360285
28 33 133794.409088949
28 34 -230192.926995396
28 35 -124230.496468323
28 3024 -123843.563975761
28 3025 35704.9860617484
28 3026 -27325.2087885349
28 3030 -95801.1099259594
28 3031 53611.1101937504
28 3032 61092.6975107117
28 3048 136927.540095222
28 3049 -42573.4768958566
28 3050 128539.890058587
28 3054 -312201.87025765
28 3055 -322299.751996728
28 3056 122717.542029602
28 3189 28969.6075009957
28 3190 -7114.79331427608
28 3191 154633.866517717
29 3 111057.414359645
29 4 30962.39863544
29 5 -98883.2290834804
29 6 -143259.418185139
29 7 -113280.153472605
29 8 -508477.536279661
29 27 47945.4269116056
29 28 81523.9467360285
29 29 899607.775000075
29 33 58561.7740489777
29 34 -164556.93324993
29 35 7200.03106420178
29 3024 -97441.8963711108
29 3025 43194.3314413459
29 3026 71559.6130027922
29 3030 207698.768861579
29 3031 -68387.7622594044
29 3032 -23552.5256175655
29 3048 -204255.294908359
29 3049 80962.8785643345
29 3050 -73654.1413626385
29 3054 75470.0661825071
29 3055 122717.542029601
29 3056 88296.4766804123
29 3189 -55776.8408997065
29 3190 -13136.2484248106
29 3191 -362096.463404137
30 0 -224239.260314688
30 1 59148.6137847452
30 2 -157529.017028456
30 24 152289.284807588
30 25 -118885.307094719
30 26 -4814.53772523548
30 30 272946.459830373
30 31 -253276.739106017
30 32 252068.12671375
30 48 -63423.0155323496
30 49 189753.789031222
30 50 -71751.4548861504
30 3117 -22751.3744096469
30 3118 -6922.17035748272
30 3119 13047.1235833343
30 3120 -114822.094381276
30 3121 130181.813742252
30 3122 -31020.2406572428
31 0 194084.521830722
31 1 -114039.737047431
31 2 282083.423649798
31 24 -158540.479508512
31 25 172024.328179971
31 26 11305.1030013228
31 30 -253276.739106017
31 31 546152.97108151
31 32 -456396.745010981
31 48 31439.4901806483
31 49 -320781.703273551
31 50 131249.491589474
31 3117 99742.6572287239
31 3118 76578.4686826219
31 3119 -90127.3922775474
31 3120 86550.5493744357
31 3121 -359934.32762312
31 3122 121886.119047933
32 0 -178255.453810061
32 1 66239.7454888777
32 2 -399911.698006277
32 24 115709.60020579
32 25 -103048.919987174
32 26 4843.89054055868
32 30 252068.12671375
32 31 -456396.745010981
32 32 600300.139052721
32 48 14699.1198264975
32 49 229810.411129697
32 50 -165689.422579431
32 3117 -118847.12929023
32 3118 -76973.3692890402
32 3119 123474.844100468
32 3120 -85374.263645747
32 3121 340368.87766862
32 3122 -163017.753108039
33 3 -125176.5983798
33 4 -40449.8782770957
33 5 91358.5786893793
33 6 -15851.5908888453
33 7 112540.942778518
33 8 -186032.103652219
33 27 -29364.0358569585
33 28 133794.409088949
33 29 58561.7740489777
33 33 642349.128655827
33 34 25590.9567774856
33 35 -134590.011340572
33 36 -72348.5927755108
33 37 -122983.852376084
33 38 -165743.836706418
33 3048 28342.3914853999
33 3049 5684.254834368
33 3050 121134.947374162
33 3054 -427950.702240113
33 3055 -114176.832826142
33 3056 215310.651586689
34 3 -117234.797817326
34 4 -79999.686616932
34 5 97878.3128388972
34 6 112540.942778518
34 7 86337.5155936247
34 8 146985.87429033
34 27 -14929.2690719706
34 28 -230192.926995396
34 29 -164556.93324993
34 33 25590.9567774856
34 34 357420.193099578
34 35 93714.5905522153
34 36 -26176.4960542447
34 37 -95681.4907801645
34 38 -90490.9287500385
34 3048 -24108.8486139081
34 3049 -21054.2741481313
34 3050 -82713.9124062279
34 3054 44317.512001445
34 3055 -16829.33015258
34 3056 -817.003275246228
35 3 282126.394781331
35 4 106466.818586019
35 5 -266459.06187958
35 6 -186032.103652207
35 7 146985.874290343
35 8 28903.0834552667
35 27 36396.2568075969
35 28 -124230.496468323
35 29 7200.03106420178
35 33 -134590.011340572
35 34 93714.5905522153
35 35 813238.938925115
35 36 -88557.6298098678
35 37 -235162.19311786
35 38 -345417.113344573
35 3048 -37779.9951545724
35 3049 -20309.3147050781
35 3050 -202477.370881503
35 3054 128437.088368292
35 3055 32534.7208626843
35 3056 -34988.5073389279
36 3 -108667.462378637
36 4 -58330.135645063
36 5 -41689.9046347147
36 6 -134705.894996783
36 7 217096.538990744
36 8 96371.9559242995
36 33 -72348.5927755108
36 34 -26176.4960542447
36 35 -88557.6298098678
36 36 914557.784798775
36 37 -43213.7339267147
36 38 114113.200167651
36 39 -136258.524027031
36 40 -105811.087199066
36 41 86205.7097288045
36 1209 -219288.381168093
36 1210 -56707.7842451771
36 1211 100201.259896478
36 3015 -604062.093609945
36 3016 -132666.619801673
36 3017 -165293.857951258
36 3018 54227.5544170258
36 3019 -57608.6776769373
36 3020 -39050.0618305917
36 3021 213431.600210907
36 3022 14830.3507194809
36 3023 -144452.033974561
36 3054 43574.1210817606
36 3055 31792.8189393877
36 3056 150485.014025498
36 3231 154811.380456516
36 3232 179961.241247224
36 3233 -132805.77676272
36 3297 -105271.492008985
36 3298 36833.5846520394
36 3299 64472.1252209818
37 3 -223536.572426672
37 4 -101173.362652888
37 5 -48946.2632323383
37 6 217096.538990744
37 7 -469173.903697107
37 8 -129673.574638286
37 33 -122983.852376084
37 34 -95681.4907801645
37 35 -235162.19311786
37 36 -43213.7339267147
37 37 755813.430797925
37 38 162369.576173279
37 39 -252963.271107113
37 40 -157271.418846739
37 41 184442.495931735
37 1209 122901.870927237
37 1210 54009.4814776759
37 1211 -21903.3960922766
37 3015 46781.1962902811
37 3016 -27588.396931125
37 3017 99525.9565422343
37 3018 6741.20738053417
37 3019 -86914.2255706646
37 3020 -51760.4500916968
37 3021 14830.3507194815
37 3022 133552.900802175
37 3023 109265.259827814
37 3054 69613.9683646751
37 3055 2905.95910770349
37 3056 -201733.377304346
37 3231 179961.241247223
37 3232 -39947.666834104
37 3233 119815.335252203
37 3297 -15228.9440835927
37 3298 31468.693127313
37 3299 13760.6307495391
38 3 -114591.054060005
38 4 -44206.0333472843
38 5 88913.0469120234
38 6 96371.9559242964
38 7 -129673.574638288
38 8 52686.1732085553
38 33 -165743.836706418
38 34 -90490.9287500385
38 35 -345417.113344573
38 36 114113.200167651
38 37 162369.576173279
38 38 887048.900294936
38 39 172564.330418459
38 40 157306.863747825
38 41 -29887.8375107471
38 1209 49070.2254137203
38 1210 15310.3970111706
38 1211 173775.635605123
38 3015 -202070.869445516
38 3016 -31876.3423083391
38 3017 -180948.477615857
38 3018 2908.55885906309
38 3019 -206509.875379058
38 3020 -93009.6058399134
38 3021 -144452.033974559
38 3022 109265.259827816
38 3023 -192241.203538499
38 3054 104016.04850826
38 3055 4137.88706347039
38 3056 -297442.391520921
38 3231 -132805.776762719
38 3232 119815.335252206
38 3233 56689.7188794529
38 3297 220619.251657768
38 3298 -65448.5646527583
38 3299 -120166.84552958
39 3 4548.5923750931
39 4 7801.27596861121
39 5 -1190.85404279043
39 6 9687.68972451757
39 7 132689.158305211
39 8 190322.244297986
39 36 -136258.524027031
39 37 -252963.271107113
39 38 172564.330418459
39 39 621393.774638414
39 40 203754.140006008
39 41 -88432.5184119676
39 3021 -78811.1829377356
39 3022 -133137.851710497
39 3023 -184428.517237521
39 3231 -458891.668171468
39 3232 61530.5623886712
39 3233 -65366.3342034556
39 3297 38331.3183982102
39 3298 -19674.0138508919
39 3299 -23468.3508207106
40 3 3716.4024053928
40 4 -15267.672212253
40 5 -4898.04960940807
40 6 20985.710029349
40 7 51947.4914393582
40 8 54314.0480768329
40 36 -105811.087199066
40 37 -157271.418846739
40 38 157306.863747825
40 39 203754.140006008
40 40 330891.431280517
40 41 23855.4264759211
40 3021 -168586.587342682
40 3022 -21968.5137791398
40 3023 -85212.9366051691
40 3231 -106926.541059604
40 3232 -33527.0057433122
40 3233 -44513.7357301554
40 3297 152867.963160603
40 3298 -154804.312138432
40 3299 -100851.616355846
41 3 -173232.233353137
41 4 -68796.9001841215
41 5 -204193.083977964
41 6 146538.33625201
41 7 -80775.6070955823
41 8 -64268.2345000292
41 36 86205.7097288045
41 37 184442.495931735
41 38 -29887.8375107471
41 39 -88432.5184119676
41 40 23855.4264759211
41 41 377679.946162716
41 3021 -54285.988501892
41 3022 22741.0863833402
41 3023 24321.6280778367
41 3231 45038.2634976935
41 3232 -36895.3449255569
41 3233 -63210.0114855251
41 3297 38168.4307884883
41 3298 -44571.1565857355
41 3299 -40442.4067662874
42 9 -225445.792222701
42 10 -126187.892636628
42 11 -79023.7388700708
42 42 3507035.13461047
42 43 941987.502615169
42 44 441434.706510133
42 45 -595585.190325253
42 46 -306774.273413926
42 47 354399.71834635
42 54 780044.381275505
42 55 466019.906820364
42 56 23482.0829235996
42 57 664956.908791451
42 58 349076.868989615
42 59 -31631.3891038227
42 60 -666795.304643563
42 61 -348430.754676288
42 62 -85571.6801395886
42 1086 -1001765.6267104
42 1087 139763.002659624
42 1088 -508859.749042613
42 1731 -149405.048641666
42 1732 -105854.265020975
42 1733 -128757.235430684
42 1743 343309.33251797
42 1744 181321.730345777
42 1745 36632.3614639065
42 2433 -136992.863448454
42 2434 3551.24817725346
42 2435 -187034.927626256
42 2877 -1156712.4321599
42 2878 -604999.978616712
42 2879 235263.07941392
42 3213 -1502870.4035786
42 3214 -391426.023417854
42 3215 -299460.706430016
42 3384 140226.904535138
42 3385 -198047.07182542
42 3386 229127.477985142
43 9 80067.2797771648
43 10 69392.1640293577
43 11 -42504.6781168818
43 42 941987.502615169
43 43 2214694.07881368
43 44 -451818.555510234
43 45 -110046.457321972
43 46 -223389.241812179
43 47 74713.4194991168
43 54 466019.906820364
43 55 333115.432572136
43 56 99613.8017351661
43 57 349076.868989615
43 58 425579.56148768
43 59 60718.0502294213
43 60 -310479.950078587
43 61 -352575.0197468
43 62 72281.5225877283
43 1086 -94915.6180300309
43 1087 -428788.698262826
43 1088 225385.823037691
43 1731 -105854.265020975
43 1732 -420197.206894849
43 1733 -228129.597513017
43 1743 181321.730345777
43 1744 308211.213012345
43 1745 -121349.107686923
43 2433 -77377.2115928615
43 2434 -58876.4347077127
43 2435 -119921.132202916
43 2877 -730326.69126039
43 2878 -786399.961058511
43 2879 242244.636389204
43 3213 -391426.023417855
43 3214 -1052221.33983308
43 3215 224277.38284941
43 3384 -198047.07182542
43 3385 -28544.5475992361
43 3386 -35511.5652977677
44 9 -100537.669904554
44 10 -65315.7125996404
44 11 134859.772905507
44 42 441434.706510133
44 43 -451818.555510234
44 44 3888798.33219597
44 45 358735.304553246
44 46 304666.063177278
44 47 -332273.548646157
44 54 23482.0829235997
44 55 99613.801735166
44 56 153567.007799347
44 57 -31631.3891038228
44 58 60718.0502294213
44 59 5972.98855742314
44 60 -89907.2663464851
44 61 -125866.983159398
44 62 -340652.599693984
44 1086 -508859.749042613
44 1087 193581.685106657
44 1088 -1452529.30530032
44 1731 -128757.235430684
44 1732 -228129.597513017
44 1733 -1012829.56543662
44 1743 36632.3614639064
44 1744 -121349.107686923
44 1745 -62007.7739758619
44 2433 -165520.996591773
44 2434 86071.0517051306
44 2435 -225113.534754687
44 2877 235263.07941392
44 2878 59063.486963917
44 2879 -1231022.50773561
44 3213 -299460.706430016
44 3214 224277.38284941
44 3215 -266894.389323257
44 3384 229127.477985142
44 3385 -35511.5652977676
44 3386 740125.123408247
45 9 78294.552386375
45 10 32866.396309448
45 11 24273.8737584346
45 42 -595585.190325253
45 43 -110046.457321972
45 44 358735.304553246
45 45 873414.184353864
45 46 479665.090815618
45 47 -209202.82578834
45 51 -47937.2185175479
45 52 12554.3996365684
45 53 2287.74836011501
45 1731 -67983.3350165671
45 1732 -231032.843915141
45 1733 12338.2637826002
45 1743 -300000.883000708
45 1744 -221874.500672029
45 1745 -204115.363850996
45 2433 -95456.7912297113
45 2434 74302.3493062812
45 2435 -66963.0230222431
45 2436 17186.37051342
45 2437 46146.8752974907
45 2438 -60865.6330145664
45 3213 138068.310836128
45 3214 -82581.3094562646
45 3215 143511.65522175
46 9 13805.5227462296
46 10 44425.585078979
46 11 69799.9444078016
46 42 -306774.273413926
46 43 -223389.241812179
46 44 304666.063177278
46 45 479665.090815618
46 46 624446.375883484
46 47 -253408.717405235
46 51 84244.1927400167
46 52 -4248.98770767347
46 53 -36367.9864764483
46 1731 -81997.1197772095
46 1732 -137254.044629839
46 1733 -28230.4274205982
46 1743 -136832.661591569
46 1744 -351468.885954238
46 1745 -69199.9442121778
46 2433 -94816.179429351
46 2434 144585.362749403
46 2435 -104039.279201865
46 2436 22149.1741480654
46 2437 24384.1887448877
46 2438 -36135.4323386604
46 3213 20556.2537621262
46 3214 -121480.352352823
46 3215 152915.779469905
47 9 -67836.4710691517
47 10 -119511.825707141
47 11 -242937.98013264
47 42 354399.71834635
47 43 74713.4194991168
47 44 -332273.548646157
47 45 -209202.82578834
47 46 -253408.717405235
47 47 742936.017115112
47 51 -160196.895318046
47 52 7411.59973044829
47 53 83434.5367048405
47 1731 71885.3902193819
47 1732 30065.3886713559
47 1733 67069.5424941523
47 1743 -30598.568448697
47 1744 -20953.9672006836
47 1745 -113310.77830575
47 2433 -66949.7034820133
47 2434 -76851.6929949688
47 2435 137804.582696587
47 2436 46407.4704337095
47 2437 91741.8090406499
47 2438 -172908.932627529
47 3213 62091.8851068069
47 3214 266793.986366457
47 3215 -169813.439298615
48 0 -13144.1111543377
48 1 -317833.124392042
48 2 -56425.0436773974
48 18 -47220.1676189199
48 19 24027.7219130461
48 20 -107389.694013583
48 24 -97353.578841561
48 25 82825.4864841285
48 26 -7711.74121228346
48 30 -63423.0155323496
48 31 31439.4901806483
48 32 14699.1198264975
48 48 630877.361645061
48 49 -97040.2810540244
48 50 -7461.58954081187
48 3120 -266480.954671453
48 3121 46810.7790635611
48 3122 302500.761986838
48 3132 -146970.343251262
48 3133 118550.651237988
48 3134 -161579.510229571
48 3135 3714.80942482188
48 3136 111219.276566694
48 3137 23367.696860311
49 0 -317833.124392041
49 1 39020.8674618032
49 2 -126561.134022312
49 18 -67785.4275122414
49 19 -121756.2019066
49 20 50294.8820239368
49 24 248511.831311714
49 25 -275172.69358797
49 26 -60401.9034288051
49 30 189753.789031222
49 31 -320781.703273551
49 32 229810.411129697
49 48 -97040.2810540244
49 49 723019.906266499
49 50 -59385.3921041608
49 3120 -19527.1519709211
49 3121 62488.4643424417
49 3122 -13971.7370096355
49 3132 118550.651237988
49 3133 243090.192733334
49 3134 43658.9346341388
49 3135 -54630.2866516961
49 3136 -349908.832035957
49 3137 -63444.0612228594
50 0 -56425.0436774014
50 1 -126561.134022311
50 2 95008.1063736534
50 18 45442.4898944629
50 19 129320.169380256
50 20 -479927.87519382
50 24 97764.1208566885
50 25 -71891.558601226
50 26 -136211.924796149
50 30 -71751.4548861504
50 31 131249.491589474
50 32 -165689.422579431
50 48 -7461.58954081187
50 49 -59385.3921041608
50 50 652391.509876894
50 3120 152206.509113278
50 3121 -41010.8174694033
50 3122 -153775.677709808
50 3132 -161579.510229573
50 3133 43658.934634135
50 3134 213407.265942378
50 3135 1804.47846950699
50 3136 -5379.69340676416
50 3137 -25201.9819137182
51 9 -541653.020908347
51 10 383295.537843962
51 11 288836.991211363
51 45 -47937.2185175479
51 46 84244.1927400167
51 47 -160196.895318046
51 51 2169334.09022151
51 52 -347122.158715269
51 53 -461802.119807056
51 54 -96185.3563237245
51 55 -123840.472334584
51 56 247224.252216585
51 63 18590.3365305066
51 64 -90939.5577484441
51 65 24514.1066277744
51 66 47895.0743024332
51 67 -59304.2765983306
51 68 1953.17481264242
51 69 113230.352195962
51 70 -40613.2619876606
51 71 -4227.28760907518
51 2679 -213736.538336881
51 2680 352474.35107726
51 2681 67378.6544596866
51 2685 -57686.2205496086
51 2686 -64579.5292942429
51 2687 332278.337114521
51 2784 -10691.0220985863
51 2785 119181.198768787
51 2786 -220985.688671115
51 2838 -599301.455288408
51 2839 -4950.28781368624
51 2840 -66829.84020518
51 3213 -781859.021227305
51 3214 -207845.735937809
51 3215 -48143.6848320997
52 9 317094.066579594
52 10 -319050.922869409
52 11 -61530.907196831
52 45 12554.3996365684
52 46 -4248.98770767347
52 47 7411.59973044829
52 51 -347122.158715269
52 52 1393167.41379382
52 53 87177.9069983979
52 54 -123840.472334584
52 55 187973.381085172
52 56 78781.3281601016
52 63 60979.9824814411
52 64 -356495.071169254
52 65 287602.457940302
52 66 -59304.2765983306
52 67 -195854.07168971
52 68 -240660.528555166
52 69 -40613.2619876606
52 70 11417.429467615
52 71 -177264.87720564
52 2679 272244.603950823
52 2680 -364015.460893792
52 2681 -204561.217900493
52 2685 -38246.5637770015
52 2686 54557.2395435223
52 2687 -41347.9981104522
52 2784 119181.198768787
52 2785 -243225.395379987
52 2786 333205.27959438
52 2838 -4950.28781368615
52 2839 148800.780364615
52 2840 -3568.01490700017
52 3213 -167977.230190682
52 3214 -313026.334544914
52 3215 -65245.0285480461
53 9 310350.922245846
53 10 -226009.068116371
53 11 -219625.574180196
53 45 2287.74836011501
53 46 -36367.9864764483
53 47 83434.5367048405
53 51 -461802.119807056
53 52 87177.9069983979
53 53 1328660.26666177
53 54 247224.252216585
53 55 78781.3281601016
53 56 -51646.1266299968
53 63 -79474.4450963636
53 64 209949.584377084
53 65 -110021.671517581
53 66 1953.17481264236
53 67 -240660.528555166
53 68 14061.9043638728
53 69 -4227.28760907521
53 70 -177264.877205641
53 71 -614714.551197588
53 2679 8882.56250566364
53 2680 -83128.7581303783
53 2681 77096.327248361
53 2685 89988.2221719918
53 2686 -5348.91765068219
53 2687 -350017.020911615
53 2784 -220985.688671115
53 2785 333205.27959438
53 2786 -113343.437484134
53 2838 -66829.8402051799
53 2839 -3568.01490700018
53 2840 112439.847635761
53 3213 172632.499075946
53 3214 63234.051911724
53 3215 -156324.500693494
54 9 86417.9329325826
54 10 -68973.6626252748
54 11 -35649.174248342
54 42 780044.381275505
54 43 466019.906820364
54 44 23482.0829235997
54 51 -96185.3563237245
54 52 -123840.472334584
54 53 247224.252216585
54 54 4893016.62417365
54 55 1307299.48698151
54 56 -771760.181060587
54 57 -1306343.02815992
54 58 -427705.180617269
54 59 737597.531407461
54 60 -108732.058987429
54 61 -71643.1476199488
54 62 60988.5627073312
54 69 -102048.205568449
54 70 -145698.29032471
54 71 -188344.819650367
54 1161 -742905.952837
54 1162 -236303.035225928
54 1163 234669.522037143
54 1164 -47547.5210123485
54 1165 234754.390164494
54 1166 -121662.43273087
54 2679 6482.17733892244
54 2680 183503.864114469
54 2681 195616.629951116
54 2784 -843615.079410073
54 2785 -180667.796721522
54 2786 -31703.1467901706
54 2877 -291175.255234092
54 2878 82763.4787452873
54 2879 -241063.866148976
54 3213 -2438963.66654123
54 3214 -842373.677958094
54 3215 -103789.740368053
54 3216 390654.755106142
54 3217 -19301.9142915029
54 3218 9158.69330177269
54 3384 -179099.746752535
54 3385 -157833.949107292
54 3386 -14763.913547643
55 9 -113426.995958608
55 10 -171008.793400365
55 11 -16005.9849110912
55 42 466019.906820364
55 43 333115.432572136
55 44 99613.801735166
55 51 -123840.472334584
55 52 187973.381085172
55 53 78781.3281601016
55 54 1307299.48698151
55 55 4133215.95181751
55 56 22225.1409634713
55 57 -504419.66337589
55 58 -621017.214682221
55 59 -100907.08119412
55 60 -71643.1476199488
55 61 -267624.21932274
55 62 74478.2260347687
55 69 -69044.497221262
55 70 -8325.11986796933
55 71 -40596.0790720753
55 1161 -184343.954766158
55 1162 -1079277.99554262
55 1163 93248.3782145297
55 1164 234815.079819666
55 1165 -27735.7881220371
55 1166 139941.676773528
55 2679 183503.864114469
55 2680 497602.670109075
55 2681 -7677.7905914634
55 2784 -188173.543847959
55 2785 -622122.663511319
55 2786 -22557.8042265691
55 2877 82763.4787452872
55 2878 -140819.967200832
55 2879 -80750.6341133062
55 3213 -842373.677958095
55 3214 -2190693.55384254
55 3215 -75956.366659499
55 3216 -19301.9142915029
55 3217 -151503.046344681
55 3218 -162667.642838549
55 3384 -157833.949107292
55 3385 128220.926253435
55 3386 -1169.16827489306
56 9 -59690.553558687
56 10 115533.785203851
56 11 -43473.9844837191
56 42 23482.0829235996
56 43 99613.8017351661
56 44 153567.007799347
56 51 247224.252216585
56 52 78781.3281601016
56 53 -51646.1266299968
56 54 -771760.181060587
56 55 22225.1409634713
56 56 4472086.8122913
56 57 468936.336005163
56 58 -39369.6099297519
56 59 -1926663.59881631
56 60 60988.5627073312
56 61 74478.2260347687
56 62 135701.558482755
56 69 -623.8541331259
56 70 19617.714031373
56 71 35925.6987148456
56 1161 39594.5795084072
56 1162 -36253.6907509875
56 1163 -619297.412468931
56 1164 -40722.2028458121
56 1165 18190.4124057121
56 1166 -27528.5277579101
56 2679 195616.629951116
56 2680 -7677.79059146345
56 2681 29048.9422322022
56 2784 187413.17504891
56 2785 -24595.5053759945
56 2786 -134216.164869887
56 2877 -241063.866148976
56 2878 -80750.6341133062
56 2879 333955.413280143
56 3213 -103789.740368053
56 3214 -75956.3666594992
56 3215 -2422760.10581366
56 3216 9158.69330177259
56 3217 -162667.642838548
56 3218 36651.2976062872
56 3384 -14763.9135476431
56 3385 -1169.16827489311
56 3386 28649.1904335368
57 9 176805.398891888
57 10 41284.9249768293
57 11 62962.6318934809
57 42 664956.908791451
57 43 349076.868989615
57 44 -31631.3891038228
57 54 -1306343.02815992
57 55 -504419.66337589
57 56 468936.336005163
57 57 2856325.07416948
57 58 426026.62923869
57 59 -572621.795272289
57 60 -852311.380069899
57 61 -321179.62857786
