3540
3540
0 0 3.97613969962003
0 18 0.574354158402578
0 21 0.492628639587753
0 24 0.330352793866981
0 30 0.291625020844495
0 48 0.700310786481148
0 3117 0.402827759610086
0 3120 0.672044795371067
0 3123 0.307582707893782
0 3126 0.384274899735402
0 3129 0.481183774528538
0 3132 1.03182561249275
0 3198 0.295198600615465
1 1 3.97613969962003
1 19 0.574354158402578
1 22 0.492628639587753
1 25 0.330352793866981
1 31 0.291625020844495
1 49 0.700310786481148
1 3118 0.402827759610086
1 3121 0.672044795371067
1 3124 0.307582707893782
1 3127 0.384274899735402
1 3130 0.481183774528538
1 3133 1.03182561249275
1 3199 0.295198600615465
2 2 3.97613969962003
2 20 0.574354158402578
2 23 0.492628639587753
2 26 0.330352793866981
2 32 0.291625020844495
2 50 0.700310786481148
2 3119 0.402827759610086
2 3122 0.672044795371067
2 3125 0.307582707893782
2 3128 0.384274899735402
2 3131 0.481183774528538
2 3134 1.03182561249275
2 3200 0.295198600615465
3 3 0.768681098499079
3 6 0.384340549249539
3 27 0.103205160610759
3 33 0.216831895054043
3 36 0.28113538863878
3 39 0.167508654195497
4 4 0.768681098499079
4 7 0.384340549249539
4 28 0.103205160610759
4 34 0.216831895054043
4 37 0.28113538863878
4 40 0.167508654195497
5 5 0.768681098499079
5 8 0.384340549249539
5 29 0.103205160610759
5 35 0.216831895054043
5 38 0.28113538863878
5 41 0.167508654195497
6 3 0.384340549249539
6 6 5.09614837915694
6 27 0.382137391415604
6 33 0.505054109419424
6 36 1.20366779186442
6 39 0.299539891158173
6 1209 1.10481244164048
6 3009 0.650746471933359
6 3012 0.334596193174166
6 3015 0.917431126492883
6 3024 0.511830601455188
6 3054 0.848731502928721
6 3231 0.501334498003443
7 4 0.384340549249539
7 7 5.09614837915694
7 28 0.382137391415604
7 34 0.505054109419424
7 37 1.20366779186442
7 40 0.299539891158173
7 1210 1.10481244164048
7 3010 0.650746471933359
7 3013 0.334596193174166
7 3016 0.917431126492883
7 3025 0.511830601455188
7 3055 0.848731502928721
7 3232 0.501334498003443
8 5 0.384340549249539
8 8 5.09614837915694
8 29 0.382137391415604
8 35 0.505054109419424
8 38 1.20366779186442
8 41 0.299539891158173
8 1211 1.10481244164048
8 3011 0.650746471933359
8 3014 0.334596193174166
8 3017 0.917431126492883
8 3026 0.511830601455188
8 3056 0.848731502928721
8 3233 0.501334498003443
9 9 2.36588177196972
9 42 0.462051302242074
9 45 0.376905808444825
9 51 0.493324886228644
9 54 0.433332591576169
9 57 0.0740276542313991
9 60 0.440730806016319
9 63 0.0764859806986389
9 66 0.159536377461687
9 69 0.197425139538096
9 3213 0.835002111516724
10 10 2.36588177196972
10 43 0.462051302242074
10 46 0.376905808444825
10 52 0.493324886228644
10 55 0.433332591576169
10 58 0.0740276542313991
10 61 0.440730806016319
10 64 0.0764859806986389
10 67 0.159536377461687
10 70 0.197425139538096
10 3214 0.835002111516724
11 11 2.36588177196972
11 44 0.462051302242074
11 47 0.376905808444825
11 53 0.493324886228644
11 56 0.433332591576169
11 59 0.0740276542313991
11 62 0.440730806016319
11 65 0.0764859806986389
11 68 0.159536377461687
11 71 0.197425139538096
11 3215 0.835002111516724
12 12 2.19679193746419
12 15 0.473472190864997
12 18 0.356360690110249
12 21 0.926094666308733
12 24 0.268277145940034
12 3114 0.611171049772883
12 3129 0.487510860776031
12 3201 0.172301302423365
13 13 2.19679193746419
13 16 0.473472190864997
13 19 0.356360690110249
13 22 0.926094666308733
13 25 0.268277145940034
13 3115 0.611171049772883
13 3130 0.487510860776031
13 3202 0.172301302423365
14 14 2.19679193746419
14 17 0.473472190864997
14 20 0.356360690110249
14 23 0.926094666308733
14 26 0.268277145940034
14 3116 0.611171049772883
14 3131 0.487510860776031
14 3203 0.172301302423365
15 12 0.473472190864997
15 15 1.61611514168183
15 21 0.460767816036674
15 24 0.130864228848965
15 3105 0.334585379975918
15 3114 0.67719334199195
15 3201 0.347289754804242
16 13 0.473472190864997
16 16 1.61611514168183
16 22 0.460767816036674
16 25 0.130864228848965
16 3106 0.334585379975918
16 3115 0.67719334199195
16 3202 0.347289754804242
17 14 0.473472190864997
17 17 1.61611514168183
17 23 0.460767816036674
17 26 0.130864228848965
17 3107 0.334585379975918
17 3116 0.67719334199195
17 3203 0.347289754804242
18 0 0.574354158402578
18 12 0.356360690110249
18 18 2.29014919352284
18 21 0.797957528441076
18 24 0.393683118999178
18 48 0.347117068320344
18 3129 0.37325303861398
18 3132 0.532443704743062
18 3135 0.0600544826537929
19 1 0.574354158402578
19 13 0.356360690110249
19 19 2.29014919352284
19 22 0.797957528441076
19 25 0.393683118999178
19 49 0.347117068320344
19 3130 0.37325303861398
19 3133 0.532443704743062
19 3136 0.0600544826537929
20 2 0.574354158402578
20 14 0.356360690110249
20 20 2.29014919352284
20 23 0.797957528441076
20 26 0.393683118999178
20 50 0.347117068320344
20 3131 0.37325303861398
20 3134 0.532443704743062
20 3137 0.0600544826537929
21 0 0.492628639587753
21 12 0.926094666308733
21 15 0.460767816036674
21 18 0.797957528441076
21 21 4.24014043104133
21 24 0.395604040855392
21 3105 0.329223893021025
21 3114 0.985911391378898
21 3129 1.06497094423091
21 3132 0.363054045781293
21 3198 0.54399768092024
22 1 0.492628639587753
22 13 0.926094666308733
22 16 0.460767816036674
22 19 0.797957528441076
22 22 4.24014043104133
22 25 0.395604040855392
22 3106 0.329223893021025
22 3115 0.985911391378898
22 3130 1.06497094423091
22 3133 0.363054045781293
22 3199 0.54399768092024
23 2 0.492628639587753
23 14 0.926094666308733
23 17 0.460767816036674
23 20 0.797957528441076
23 23 4.24014043104133
23 26 0.395604040855392
23 3107 0.329223893021025
23 3116 0.985911391378898
23 3131 1.06497094423091
23 3134 0.363054045781293
23 3200 0.54399768092024
24 0 0.330352793866981
24 12 0.268277145940034
24 15 0.130864228848965
24 18 0.393683118999178
24 21 0.395604040855392
24 24 1.19725987961403
24 30 0.0740825919588723
24 48 0.203025898951623
25 1 0.330352793866981
25 13 0.268277145940034
25 16 0.130864228848965
25 19 0.393683118999178
25 22 0.395604040855392
25 25 1.19725987961403
25 31 0.0740825919588723
25 49 0.203025898951623
26 2 0.330352793866981
26 14 0.268277145940034
26 17 0.130864228848965
26 20 0.393683118999178
26 23 0.395604040855392
26 26 1.19725987961403
26 32 0.0740825919588723
26 50 0.203025898951623
27 3 0.103205160610759
27 6 0.382137391415604
27 27 2.30556135299796
27 33 0.361590882941802
27 3024 0.387037248567004
27 3030 0.493847924831469
27 3048 0.276795360251908
27 3054 1.04957551588822
27 3189 0.404152544990176
28 4 0.103205160610759
28 7 0.382137391415604
28 28 2.30556135299796
28 34 0.361590882941802
28 3025 0.387037248567004
28 3031 0.493847924831469
28 3049 0.276795360251908
28 3055 1.04957551588822
28 3190 0.404152544990176
29 5 0.103205160610759
29 8 0.382137391415604
29 29 2.30556135299796
29 35 0.361590882941802
29 3026 0.387037248567004
29 3032 0.493847924831469
29 3050 0.276795360251908
29 3056 1.04957551588822
29 3191 0.404152544990176
30 0 0.291625020844495
30 24 0.0740825919588723
30 30 0.58325004168899
30 48 0.188352204732565
30 3117 0.10327281611193
30 3120 0.217542428885623
31 1 0.291625020844495
31 25 0.0740825919588723
31 31 0.58325004168899
31 49 0.188352204732565
31 3118 0.10327281611193
31 3121 0.217542428885623
32 2 0.291625020844495
32 26 0.0740825919588723
32 32 0.58325004168899
32 50 0.188352204732565
32 3119 0.10327281611193
32 3122 0.217542428885623
33 3 0.216831895054043
33 6 0.505054109419424
33 27 0.361590882941802
33 33 1.25265099396632
33 36 0.264734614041359
33 3048 0.121271387563737
33 3054 0.409493601929118
34 4 0.216831895054043
34 7 0.505054109419424
34 28 0.361590882941802
34 34 1.25265099396632
34 37 0.264734614041359
34 3049 0.121271387563737
34 3055 0.409493601929118
35 5 0.216831895054043
35 8 0.505054109419424
35 29 0.361590882941802
35 35 1.25265099396632
35 38 0.264734614041359
35 3050 0.121271387563737
35 3056 0.409493601929118
36 3 0.28113538863878
36 6 1.20366779186442
36 33 0.264734614041359
36 36 3.80795187541791
36 39 0.607504778296957
36 1209 0.477139628516204
36 3015 0.682283285709201
36 3018 0.228114229506297
36 3021 0.700308145844529
36 3054 0.387256808679138
36 3231 0.6193125702384
36 3297 0.260470571791568
37 4 0.28113538863878
37 7 1.20366779186442
37 34 0.264734614041359
37 37 3.80795187541791
37 40 0.607504778296957
37 1210 0.477139628516204
37 3016 0.682283285709201
37 3019 0.228114229506297
37 3022 0.700308145844529
37 3055 0.387256808679138
37 3232 0.6193125702384
37 3298 0.260470571791568
38 5 0.28113538863878
38 8 1.20366779186442
38 35 0.264734614041359
38 38 3.80795187541791
38 41 0.607504778296957
38 1211 0.477139628516204
38 3017 0.682283285709201
38 3020 0.228114229506297
38 3023 0.700308145844529
38 3056 0.387256808679138
38 3233 0.6193125702384
38 3299 0.260470571791568
39 3 0.167508654195497
39 6 0.299539891158173
39 36 0.607504778296957
39 39 1.21500955659391
39 3021 0.307964887138784
39 3231 0.292829882890265
39 3297 0.147166241211195
40 4 0.167508654195497
40 7 0.299539891158173
40 37 0.607504778296957
40 40 1.21500955659391
40 3022 0.307964887138784
40 3232 0.292829882890265
40 3298 0.147166241211195
41 5 0.167508654195497
41 8 0.299539891158173
41 38 0.607504778296957
41 41 1.21500955659391
41 3023 0.307964887138784
41 3233 0.292829882890265
41 3299 0.147166241211195
42 9 0.462051302242074
42 42 6.18756242864986
42 45 0.606335148500622
42 54 0.35016859706342
42 57 0.293794204729562
42 60 0.521858799172352
42 1086 0.737952882627409
42 1731 1.21388730661357
42 1743 0.339651588417678
42 2433 0.458413801593742
42 2877 1.10095855638767
42 3213 1.72238253855028
42 3384 1.47388891707642
43 10 0.462051302242074
43 43 6.18756242864986
43 46 0.606335148500622
43 55 0.35016859706342
43 58 0.293794204729562
43 61 0.521858799172352
43 1087 0.737952882627409
43 1732 1.21388730661357
43 1744 0.339651588417678
43 2434 0.458413801593742
43 2878 1.10095855638767
43 3214 1.72238253855028
43 3385 1.47388891707642
44 11 0.462051302242074
44 44 6.18756242864986
44 47 0.606335148500622
44 56 0.35016859706342
44 59 0.293794204729562
44 62 0.521858799172352
44 1088 0.737952882627409
44 1733 1.21388730661357
44 1745 0.339651588417678
44 2435 0.458413801593742
44 2879 1.10095855638767
44 3215 1.72238253855028
44 3386 1.47388891707642
45 9 0.376905808444825
45 42 0.606335148500622
45 45 1.67447825645241
45 51 0.128020614704929
45 1731 0.238193621500828
45 1743 0.32425472370082
45 2433 0.222139698280553
45 2436 0.102883365020655
45 3213 0.512984404525386
46 10 0.376905808444825
46 43 0.606335148500622
46 46 1.67447825645241
46 52 0.128020614704929
46 1732 0.238193621500828
46 1744 0.32425472370082
46 2434 0.222139698280553
46 2437 0.102883365020655
46 3214 0.512984404525386
47 11 0.376905808444825
47 44 0.606335148500622
47 47 1.67447825645241
47 53 0.128020614704929
47 1733 0.238193621500828
47 1745 0.32425472370082
47 2435 0.222139698280553
47 2438 0.102883365020655
47 3215 0.512984404525386
48 0 0.700310786481148
48 18 0.347117068320344
48 24 0.203025898951623
48 30 0.188352204732565
48 48 1.68739735924948
48 3120 0.422499019345525
48 3132 0.526403167899425
48 3135 0.143387893143594
49 1 0.700310786481148
49 19 0.347117068320344
49 25 0.203025898951623
49 31 0.188352204732565
49 49 1.68739735924948
49 3121 0.422499019345525
49 3133 0.526403167899425
49 3136 0.143387893143594
50 2 0.700310786481148
50 20 0.347117068320344
50 26 0.203025898951623
50 32 0.188352204732565
50 50 1.68739735924948
50 3122 0.422499019345525
50 3134 0.526403167899425
50 3137 0.143387893143594
51 9 0.493324886228644
51 45 0.128020614704929
51 51 4.02913638783196
51 54 0.393517446899337
51 63 0.281268473661247
51 66 0.342411431194226
51 69 0.600952097812749
51 2679 0.832214225265371
51 2685 0.339132154576216
51 2784 0.999236099378579
51 2838 1.1362973129366
51 3213 0.497329839090041
52 10 0.493324886228644
52 46 0.128020614704929
52 52 4.02913638783196
52 55 0.393517446899337
52 64 0.281268473661247
52 67 0.342411431194226
52 70 0.600952097812749
52 2680 0.832214225265371
52 2686 0.339132154576216
52 2785 0.999236099378579
52 2839 1.1362973129366
52 3214 0.497329839090041
53 11 0.493324886228644
53 47 0.128020614704929
53 53 4.02913638783196
53 56 0.393517446899337
53 65 0.281268473661247
53 68 0.342411431194226
53 71 0.600952097812749
53 2681 0.832214225265371
53 2687 0.339132154576216
53 2786 0.999236099378579
53 2840 1.1362973129366
53 3215 0.497329839090041
54 9 0.433332591576169
54 42 0.35016859706342
54 51 0.393517446899337
54 54 6.25663195393212
54 57 0.876860485050083
54 60 0.425192413335868
54 69 0.221404664427654
54 1161 0.745268815680515
54 1164 0.449846575950369
54 2679 0.473530820854994
54 2784 0.412700678558078
54 2877 1.09080648019535
54 3213 1.58020425153796
54 3216 0.488001799654056
54 3384 1.44411231011434
55 10 0.433332591576169
55 43 0.35016859706342
55 52 0.393517446899337
55 55 6.25663195393212
55 58 0.876860485050083
55 61 0.425192413335868
55 70 0.221404664427654
55 1162 0.745268815680515
55 1165 0.449846575950369
55 2680 0.473530820854994
55 2785 0.412700678558078
55 2878 1.09080648019535
55 3214 1.58020425153796
55 3217 0.488001799654056
55 3385 1.44411231011434
56 11 0.433332591576169
56 44 0.35016859706342
56 53 0.393517446899337
56 56 6.25663195393212
56 59 0.876860485050083
56 62 0.425192413335868
56 71 0.221404664427654
56 1163 0.745268815680515
56 1166 0.449846575950369
56 2681 0.473530820854994
56 2786 0.412700678558078
56 2879 1.09080648019535
56 3215 1.58020425153796
56 3218 0.488001799654056
56 3386 1.44411231011434
57 9 0.0740276542313991
57 42 0.293794204729562
57 54 0.876860485050083
57 57 6.68644253524389
57 60 0.377690515020076
57 1161 1.22511931814699
57 1824 0.481924467349798
57 1827 0.212037741032209
57 1830 0.265571200451091
57 1833 2.08972460727232
57 2877 1.87181522330034
57 3384 2.26109838628196
58 10 0.0740276542313991
58 43 0.293794204729562
58 55 0.876860485050083
58 58 6.68644253524389
58 61 0.377690515020076
58 1162 1.22511931814699
58 1825 0.481924467349798
58 1828 0.212037741032209
58 1831 0.265571200451091
58 1834 2.08972460727232
58 2878 1.87181522330034
58 3385 2.26109838628196
59 11 0.0740276542313991
59 44 0.293794204729562
59 56 0.876860485050083
59 59 6.68644253524389
59 62 0.377690515020076
59 1163 1.22511931814699
59 1826 0.481924467349798
59 1829 0.212037741032209
59 1832 0.265571200451091
59 1835 2.08972460727232
59 2879 1.87181522330034
59 3386 2.26109838628196
60 9 0.440730806016319
60 42 0.521858799172352
60 54 0.425192413335868
60 57 0.377690515020076
60 60 1.69390872843659
60 1830 0.0975308675318019
60 2877 0.208595842380249
60 3213 0.469263849198218
61 10 0.440730806016319
61 43 0.521858799172352
61 55 0.425192413335868
61 58 0.377690515020076
61 61 1.69390872843659
61 1831 0.0975308675318019
61 2878 0.208595842380249
61 3214 0.469263849198218
62 11 0.440730806016319
62 44 0.521858799172352
62 56 0.425192413335868
62 59 0.377690515020076
62 62 1.69390872843659
62 1832 0.0975308675318019
62 2879 0.208595842380249
62 3215 0.469263849198218
63 9 0.0764859806986389
63 51 0.281268473661247
63 63 1.05988797941644
63 66 0.162896502815309
63 2169 0.248675516046974
63 2175 0.119432169285317
63 2685 0.367047486892912
63 2838 0.334025839724265
64 10 0.0764859806986389
64 52 0.281268473661247
64 64 1.05988797941644
64 67 0.162896502815309
64 2170 0.248675516046974
64 2176 0.119432169285317
64 2686 0.367047486892912
64 2839 0.334025839724265
65 11 0.0764859806986389
65 53 0.281268473661247
65 65 1.05988797941644
65 68 0.162896502815309
65 2171 0.248675516046974
65 2177 0.119432169285317
65 2687 0.367047486892912
65 2840 0.334025839724265
66 9 0.159536377461687
66 51 0.342411431194226
66 63 0.162896502815309
66 66 0.988570213141886
66 69 0.331388603755633
66 2838 0.26853203531673
66 2841 0.151873675376717
66 3330 0.0662166937925262
67 10 0.159536377461687
67 52 0.342411431194226
67 64 0.162896502815309
67 67 0.988570213141886
67 70 0.331388603755633
67 2839 0.26853203531673
67 2842 0.151873675376717
67 3331 0.0662166937925262
68 11 0.159536377461687
68 53 0.342411431194226
68 65 0.162896502815309
68 68 0.988570213141886
68 71 0.331388603755633
68 2840 0.26853203531673
68 2843 0.151873675376717
68 3332 0.0662166937925262
69 9 0.197425139538096
69 51 0.600952097812749
69 54 0.221404664427654
69 66 0.331388603755633
69 69 2.26422108592262
69 1914 0.200034212319776
69 2784 0.612174247407598
69 2838 0.561404575658308
69 2841 0.531158445148563
69 3330 0.140389642815559
70 10 0.197425139538096
70 52 0.600952097812749
70 55 0.221404664427654
70 67 0.331388603755633
70 70 2.26422108592262
70 1915 0.200034212319776
70 2785 0.612174247407598
70 2839 0.561404575658308
70 2842 0.531158445148563
70 3331 0.140389642815559
71 11 0.197425139538096
71 53 0.600952097812749
71 56 0.221404664427654
71 68 0.331388603755633
71 71 2.26422108592262
71 1916 0.200034212319776
71 2786 0.612174247407598
71 2840 0.561404575658308
71 2843 0.531158445148563
71 3332 0.140389642815559
72 72 2.12509221765308
72 75 0.391331597402327
72 78 0.474768085139533
72 81 0.282951320836883
72 84 0.397118599689116
72 87 0.274095911735097
72 90 0.304826702850123
72 3477 1.06254610882654
73 73 2.12509221765308
73 76 0.391331597402327
73 79 0.474768085139533
73 82 0.282951320836883
73 85 0.397118599689116
73 88 0.274095911735097
73 91 0.304826702850123
73 3478 1.06254610882654
74 74 2.12509221765308
74 77 0.391331597402327
74 80 0.474768085139533
74 83 0.282951320836883
74 86 0.397118599689116
74 89 0.274095911735097
74 92 0.304826702850123
74 3479 1.06254610882654
75 72 0.391331597402327
75 75 3.59860996620996
75 78 0.462875814432863
75 81 0.280927810604866
75 1323 0.638705559161966
75 2199 0.450017779209891
75 2202 0.531007564005312
75 2208 0.300502948066566
75 2544 0.576462873630774
75 3477 1.76608300280037
76 73 0.391331597402327
76 76 3.59860996620996
76 79 0.462875814432863
76 82 0.280927810604866
76 1324 0.638705559161966
76 2200 0.450017779209891
76 2203 0.531007564005312
76 2209 0.300502948066566
76 2545 0.576462873630774
76 3478 1.76608300280037
77 74 0.391331597402327
77 77 3.59860996620996
77 80 0.462875814432863
77 83 0.280927810604866
77 1325 0.638705559161966
77 2201 0.450017779209891
77 2204 0.531007564005312
77 2210 0.300502948066566
77 2546 0.576462873630774
77 3479 1.76608300280037
78 72 0.474768085139533
78 75 0.462875814432863
78 78 6.48393961330098
78 84 0.957567425256041
78 2544 1.03936892099594
78 2547 0.522156691774404
78 3222 0.488896478664061
78 3372 1.29936987518718
78 3477 2.18382499157976
78 3504 2.29708113692168
79 73 0.474768085139533
79 76 0.462875814432863
79 79 6.48393961330098
79 85 0.957567425256041
79 2545 1.03936892099594
79 2548 0.522156691774404
79 3223 0.488896478664061
79 3373 1.29936987518718
79 3478 2.18382499157976
79 3505 2.29708113692168
80 74 0.474768085139533
80 77 0.462875814432863
80 80 6.48393961330098
80 86 0.957567425256041
80 2546 1.03936892099594
80 2549 0.522156691774404
80 3224 0.488896478664061
80 3374 1.29936987518718
80 3479 2.18382499157976
80 3506 2.29708113692168
81 72 0.282951320836883
81 75 0.280927810604866
81 81 1.42505851465278
81 87 0.285082538257666
81 2208 0.281786785703685
81 3162 0.294310059249678
81 3477 0.712529257326389
82 73 0.282951320836883
82 76 0.280927810604866
82 82 1.42505851465278
82 88 0.285082538257666
82 2209 0.281786785703685
82 3163 0.294310059249678
82 3478 0.712529257326389
83 74 0.282951320836883
83 77 0.280927810604866
83 83 1.42505851465278
83 89 0.285082538257666
83 2210 0.281786785703685
83 3164 0.294310059249678
83 3479 0.712529257326389
84 72 0.397118599689116
84 78 0.957567425256041
84 84 4.53553603391916
84 90 0.363569264309766
84 1551 0.445944980684419
84 2874 0.945593877162394
84 3222 0.427106026138802
84 3477 1.59130154609063
84 3504 1.67510233154757
85 73 0.397118599689116
85 79 0.957567425256041
85 85 4.53553603391916
85 91 0.363569264309766
85 1552 0.445944980684419
85 2875 0.945593877162394
85 3223 0.427106026138802
85 3478 1.59130154609063
85 3505 1.67510233154757
86 74 0.397118599689116
86 80 0.957567425256041
86 86 4.53553603391916
86 92 0.363569264309766
86 1553 0.445944980684419
86 2876 0.945593877162394
86 3224 0.427106026138802
86 3479 1.59130154609063
86 3506 1.67510233154757
87 72 0.274095911735097
87 81 0.285082538257666
87 87 1.83913190449965
87 90 0.292027812836747
87 1635 0.342455601155413
87 3072 0.325533190898007
87 3162 0.319936849616723
87 3477 0.919565952249826
88 73 0.274095911735097
88 82 0.285082538257666
88 88 1.83913190449965
88 91 0.292027812836747
88 1636 0.342455601155413
88 3073 0.325533190898007
88 3163 0.319936849616723
88 3478 0.919565952249826
89 74 0.274095911735097
89 83 0.285082538257666
89 89 1.83913190449965
89 92 0.292027812836747
89 1637 0.342455601155413
89 3074 0.325533190898007
89 3164 0.319936849616723
89 3479 0.919565952249826
90 72 0.304826702850123
90 84 0.363569264309766
90 87 0.292027812836747
90 90 1.98000734699136
90 1899 0.334406596349166
90 2874 0.352562254697519
90 3072 0.332614715948037
90 3477 0.990003673495679
91 73 0.304826702850123
91 85 0.363569264309766
91 88 0.292027812836747
91 91 1.98000734699136
91 1900 0.334406596349166
91 2875 0.352562254697519
91 3073 0.332614715948037
91 3478 0.990003673495679
92 74 0.304826702850123
92 86 0.363569264309766
92 89 0.292027812836747
92 92 1.98000734699136
92 1901 0.334406596349166
92 2876 0.352562254697519
92 3074 0.332614715948037
92 3479 0.990003673495679
93 93 2.61764475488909
93 96 0.54610202588771
93 99 0.515410878594658
93 102 0.48613139243648
93 105 0.53363891273739
93 108 0.53636154523285
93 3408 1.30882237744454
94 94 2.61764475488909
94 97 0.54610202588771
94 100 0.515410878594658
94 103 0.48613139243648
94 106 0.53363891273739
94 109 0.53636154523285
94 3409 1.30882237744454
95 95 2.61764475488909
95 98 0.54610202588771
95 101 0.515410878594658
95 104 0.48613139243648
95 107 0.53363891273739
95 110 0.53636154523285
95 3410 1.30882237744454
96 93 0.54610202588771
96 96 4.22704679803254
96 99 0.582163117393643
96 102 0.513931043989717
96 2085 0.569264561344893
96 2214 0.705045766660699
96 2217 0.0105340806851596
96 2220 0.598113481383011
96 3270 0.71242680137287
96 3408 2.10298931833111
97 94 0.54610202588771
97 97 4.22704679803254
97 100 0.582163117393643
97 103 0.513931043989717
97 2086 0.569264561344893
97 2215 0.705045766660699
97 2218 0.0105340806851596
97 2221 0.598113481383011
97 3271 0.71242680137287
97 3409 2.10298931833111
98 95 0.54610202588771
98 98 4.22704679803254
98 101 0.582163117393643
98 104 0.513931043989717
98 2087 0.569264561344893
98 2216 0.705045766660699
98 2219 0.0105340806851596
98 2222 0.598113481383011
98 3272 0.71242680137287
98 3410 2.10298931833111
99 93 0.515410878594658
99 96 0.582163117393643
99 99 2.78994735213617
99 105 0.486835784003906
99 1110 0.0263178246145458
99 2769 0.58645175235046
99 3270 0.619085819793508
99 3408 1.36865585145354
100 94 0.515410878594658
100 97 0.582163117393643
100 100 2.78994735213617
100 106 0.486835784003906
100 1111 0.0263178246145458
100 2770 0.58645175235046
100 3271 0.619085819793508
100 3409 1.36865585145354
101 95 0.515410878594658
101 98 0.582163117393643
101 101 2.78994735213617
101 107 0.486835784003906
101 1112 0.0263178246145458
101 2771 0.58645175235046
101 3272 0.619085819793508
101 3410 1.36865585145354
102 93 0.48613139243648
102 96 0.513931043989717
102 102 2.33632772578224
102 108 0.47718315623061
102 2085 0.433930753043473
102 2088 0.425151380081959
102 3408 1.16816386289112
103 94 0.48613139243648
103 97 0.513931043989717
103 103 2.33632772578224
103 109 0.47718315623061
103 2086 0.433930753043473
103 2089 0.425151380081959
103 3409 1.16816386289112
104 95 0.48613139243648
104 98 0.513931043989717
104 104 2.33632772578224
104 110 0.47718315623061
104 2087 0.433930753043473
104 2090 0.425151380081959
104 3410 1.16816386289112
105 93 0.53363891273739
105 99 0.486835784003906
105 105 5.57804993899578
105 108 1.25804556064048
105 1440 0.510864139192351
105 2769 1.05125736047402
105 2790 0.577992845992445
105 3408 1.9535312263725
105 3519 1.99490907908058
106 94 0.53363891273739
106 100 0.486835784003906
106 106 5.57804993899578
106 109 1.25804556064048
106 1441 0.510864139192351
106 2770 1.05125736047402
106 2791 0.577992845992445
106 3409 1.9535312263725
106 3520 1.99490907908058
107 95 0.53363891273739
107 101 0.486835784003906
107 107 5.57804993899578
107 110 1.25804556064048
107 1442 0.510864139192351
107 2771 1.05125736047402
107 2792 0.577992845992445
107 3410 1.9535312263725
107 3521 1.99490907908058
108 93 0.53636154523285
108 102 0.47718315623061
108 105 1.25804556064048
108 108 6.26340467137569
108 1272 0.556951491614792
108 2088 0.554503372777823
108 2649 1.1001872132401
108 2790 0.620916009509692
108 3408 2.25012124014001
108 3519 2.04083741767717
109 94 0.53636154523285
109 103 0.47718315623061
109 106 1.25804556064048
109 109 6.26340467137569
109 1273 0.556951491614792
109 2089 0.554503372777823
109 2650 1.1001872132401
109 2791 0.620916009509692
109 3409 2.25012124014001
109 3520 2.04083741767717
110 95 0.53636154523285
110 104 0.47718315623061
110 107 1.25804556064048
110 110 6.26340467137569
110 1274 0.556951491614792
110 2090 0.554503372777823
110 2651 1.1001872132401
110 2792 0.620916009509692
110 3410 2.25012124014001
110 3521 2.04083741767717
111 111 3.55007251324868
111 114 0.680504040990866
111 117 0.535835031438816
111 120 0.387348858382414
111 123 0.441546469017655
111 126 0.437964401329129
111 129 0.511245004433463
111 2424 0.580600566362558
111 3450 1.75006439791813
112 112 3.55007251324868
112 115 0.680504040990866
112 118 0.535835031438816
112 121 0.387348858382414
112 124 0.441546469017655
112 127 0.437964401329129
112 130 0.511245004433463
112 2425 0.580600566362558
112 3451 1.75006439791813
113 113 3.55007251324868
113 116 0.680504040990866
113 119 0.535835031438816
113 122 0.387348858382414
113 125 0.441546469017655
113 128 0.437964401329129
113 131 0.511245004433463
113 2426 0.580600566362558
113 3452 1.75006439791813
114 111 0.680504040990866
114 114 3.17112383568623
114 117 0.559341207977521
114 120 0.0249718587062163
114 2286 0.577253243928027
114 2289 0.424306059894829
114 2424 0.601914649970765
114 2646 0.327804632924222
114 3450 1.5605900591369
115 112 0.680504040990866
115 115 3.17112383568623
115 118 0.559341207977521
115 121 0.0249718587062163
115 2287 0.577253243928027
115 2290 0.424306059894829
115 2425 0.601914649970765
115 2647 0.327804632924222
115 3451 1.5605900591369
116 113 0.680504040990866
116 116 3.17112383568623
116 119 0.559341207977521
116 122 0.0249718587062163
116 2288 0.577253243928027
116 2291 0.424306059894829
116 2426 0.601914649970765
116 2648 0.327804632924222
116 3452 1.5605900591369
117 111 0.535835031438816
117 114 0.559341207977521
117 117 3.21902962927057
117 129 0.601872194351109
117 2286 0.55992390326043
117 2295 0.448301412306657
117 2931 0.51375587993604
117 3450 1.60951481463529
118 112 0.535835031438816
118 115 0.559341207977521
118 118 3.21902962927057
118 130 0.601872194351109
118 2287 0.55992390326043
118 2296 0.448301412306657
118 2932 0.51375587993604
118 3451 1.60951481463529
119 113 0.535835031438816
119 116 0.559341207977521
119 119 3.21902962927057
119 131 0.601872194351109
119 2288 0.55992390326043
119 2297 0.448301412306657
119 2933 0.51375587993604
119 3452 1.60951481463529
120 111 0.387348858382414
120 114 0.0249718587062163
120 120 1.16363570978479
120 123 0.415105254003818
120 2424 0.361181597398554
120 2427 0.0595832107701146
120 3450 0.497262785416062
121 112 0.387348858382414
121 115 0.0249718587062163
121 121 1.16363570978479
121 124 0.415105254003818
121 2425 0.361181597398554
121 2428 0.0595832107701146
121 3451 0.497262785416062
122 113 0.387348858382414
122 116 0.0249718587062163
122 122 1.16363570978479
122 125 0.415105254003818
122 2426 0.361181597398554
122 2429 0.0595832107701146
122 3452 0.497262785416062
123 111 0.441546469017655
123 120 0.415105254003818
123 123 4.28250155959348
123 126 0.539084275856151
123 1350 0.752988803666963
123 1353 0.662075513414061
123 2424 0.628541442779784
123 2427 0.902743011625158
123 2880 0.0136991672703141
123 3450 2.06796840175631
124 112 0.441546469017655
124 121 0.415105254003818
124 124 4.28250155959348
124 127 0.539084275856151
124 1351 0.752988803666963
124 1354 0.662075513414061
124 2425 0.628541442779784
124 2428 0.902743011625158
124 2881 0.0136991672703141
124 3451 2.06796840175631
125 113 0.441546469017655
125 122 0.415105254003818
125 125 4.28250155959348
125 128 0.539084275856151
125 1352 0.752988803666963
125 1355 0.662075513414061
125 2426 0.628541442779784
125 2429 0.902743011625158
125 2882 0.0136991672703141
125 3452 2.06796840175631
126 111 0.437964401329129
126 123 0.539084275856151
126 126 2.37831097875798
126 129 0.427815675223765
126 1353 0.540429602631407
126 2880 0.446716190987837
126 3450 1.17545632210867
127 112 0.437964401329129
127 124 0.539084275856151
127 127 2.37831097875798
127 130 0.427815675223765
127 1354 0.540429602631407
127 2881 0.446716190987837
127 3451 1.17545632210867
128 113 0.437964401329129
128 125 0.539084275856151
128 128 2.37831097875798
128 131 0.427815675223765
128 1355 0.540429602631407
128 2882 0.446716190987837
128 3452 1.17545632210867
129 111 0.511245004433463
129 117 0.601872194351109
129 126 0.427815675223765
129 129 5.45686779216669
129 2247 1.01919062183561
129 2253 0.550870938257318
129 2256 0.725516666933312
129 2880 0.489625637986101
129 2931 0.590451217229867
129 3378 0.869010935683507
129 3450 2.399702796316
130 112 0.511245004433463
130 118 0.601872194351109
130 127 0.427815675223765
130 130 5.45686779216669
130 2248 1.01919062183561
130 2254 0.550870938257318
130 2257 0.725516666933312
130 2881 0.489625637986101
130 2932 0.590451217229867
130 3379 0.869010935683507
130 3451 2.399702796316
131 113 0.511245004433463
131 119 0.601872194351109
131 128 0.427815675223765
131 131 5.45686779216669
131 2249 1.01919062183561
131 2255 0.550870938257318
131 2258 0.725516666933312
131 2882 0.489625637986101
131 2933 0.590451217229867
131 3380 0.869010935683507
131 3452 2.399702796316
132 132 15.0565308434965
132 135 0.651133467942652
132 138 0.859106297382867
132 150 1.47222656234921
132 153 0.732364179832556
132 1047 2.65471968532972
132 2145 0.999307141032256
132 2406 0.721855726361211
132 3210 0.508748704746866
132 3354 3.66987262593946
132 3387 3.23506421362666
132 3438 3.80645497899001
132 3522 3.27394268171131
133 133 15.0565308434965
133 136 0.651133467942652
133 139 0.859106297382867
133 151 1.47222656234921
133 154 0.732364179832556
133 1048 2.65471968532972
133 2146 0.999307141032256
133 2407 0.721855726361211
133 3211 0.508748704746866
133 3355 3.66987262593946
133 3388 3.23506421362666
133 3439 3.80645497899001
133 3523 3.27394268171131
134 134 15.0565308434965
134 137 0.651133467942652
134 140 0.859106297382867
134 152 1.47222656234921
134 155 0.732364179832556
134 1049 2.65471968532972
134 2147 0.999307141032256
134 2408 0.721855726361211
134 3212 0.508748704746866
134 3356 3.66987262593946
134 3389 3.23506421362666
134 3440 3.80645497899001
134 3524 3.27394268171131
135 132 0.651133467942652
135 135 2.81683751221289
135 138 0.482936681372944
135 141 0.415126942200113
135 2142 0.0424744789698325
135 2145 0.7500661615354
135 2148 0.517574259161784
135 2406 0.0975147924759961
135 3387 1.26842948466062
136 133 0.651133467942652
136 136 2.81683751221289
136 139 0.482936681372944
136 142 0.415126942200113
136 2143 0.0424744789698325
136 2146 0.7500661615354
136 2149 0.517574259161784
136 2407 0.0975147924759961
136 3388 1.26842948466062
137 134 0.651133467942652
137 137 2.81683751221289
137 140 0.482936681372944
137 143 0.415126942200113
137 2144 0.0424744789698325
137 2147 0.7500661615354
137 2150 0.517574259161784
137 2408 0.0975147924759961
137 3389 1.26842948466062
138 132 0.859106297382867
138 135 0.482936681372944
138 138 5.26366246533084
138 141 0.472544153923428
138 144 1.01489572447571
138 147 0.562752383225015
138 150 0.503962402108555
138 153 0.0631780031955924
138 3069 0.518118181804837
138 3387 1.61341483059663
138 3522 1.80458503991068
139 133 0.859106297382867
139 136 0.482936681372944
139 139 5.26366246533084
139 142 0.472544153923428
139 145 1.01489572447571
139 148 0.562752383225015
139 151 0.503962402108555
139 154 0.0631780031955924
139 3070 0.518118181804837
139 3388 1.61341483059663
139 3523 1.80458503991068
140 134 0.859106297382867
140 137 0.482936681372944
140 140 5.26366246533084
140 143 0.472544153923428
140 146 1.01489572447571
140 149 0.562752383225015
140 152 0.503962402108555
140 155 0.0631780031955924
140 3071 0.518118181804837
140 3389 1.61341483059663
140 3524 1.80458503991068
141 135 0.415126942200113
141 138 0.472544153923428
141 141 2.18359745571676
141 144 0.469284320057608
141 2148 0.382803378798764
141 2907 0.443838660736851
141 3387 1.09179872785838
142 136 0.415126942200113
142 139 0.472544153923428
142 142 2.18359745571676
142 145 0.469284320057608
142 2149 0.382803378798764
142 2908 0.443838660736851
142 3388 1.09179872785838
143 137 0.415126942200113
143 140 0.472544153923428
143 143 2.18359745571676
143 146 0.469284320057608
143 2150 0.382803378798764
143 2909 0.443838660736851
143 3389 1.09179872785838
144 138 1.01489572447571
144 141 0.469284320057608
144 144 8.2530331482642
144 147 1.12070531230096
144 2550 0.0411287368077287
144 2553 1.37688280734241
144 2907 0.528699999444703
144 3363 2.54179211340396
144 3387 3.00581126183114
144 3522 2.28034944673208
145 139 1.01489572447571
145 142 0.469284320057608
145 145 8.2530331482642
145 148 1.12070531230096
145 2551 0.0411287368077287
145 2554 1.37688280734241
145 2908 0.528699999444703
145 3364 2.54179211340396
145 3388 3.00581126183114
145 3523 2.28034944673208
146 140 1.01489572447571
146 143 0.469284320057608
146 146 8.2530331482642
146 149 1.12070531230096
146 2552 0.0411287368077287
146 2555 1.37688280734241
146 2909 0.528699999444703
146 3365 2.54179211340396
146 3389 3.00581126183114
146 3524 2.28034944673208
147 138 0.562752383225015
147 144 1.12070531230096
147 147 5.22533150571753
147 150 0.0482983832647821
147 1308 0.567413813113331
147 2550 0.585415401609714
147 2553 0.623462888487401
147 3069 0.947673775755817
147 3363 2.00878463282602
147 3522 1.37349066799325
148 139 0.562752383225015
148 145 1.12070531230096
148 148 5.22533150571753
148 151 0.0482983832647821
148 1309 0.567413813113331
148 2551 0.585415401609714
148 2554 0.623462888487401
148 3070 0.947673775755817
148 3364 2.00878463282602
148 3523 1.37349066799325
149 140 0.562752383225015
149 146 1.12070531230096
149 149 5.22533150571753
149 152 0.0482983832647821
149 1310 0.567413813113331
149 2552 0.585415401609714
149 2555 0.623462888487401
149 3071 0.947673775755817
149 3365 2.00878463282602
149 3524 1.37349066799325
150 132 1.47222656234921
150 138 0.503962402108555
150 147 0.0482983832647821
150 150 5.92329499848863
150 153 0.703346027514742
150 2373 0.416663161034508
150 2376 0.370166474322102
150 2973 0.858526583106307
150 3069 0.442449933198222
150 3438 1.9045368098214
150 3522 2.16476616101311
151 133 1.47222656234921
151 139 0.503962402108555
151 148 0.0482983832647821
151 151 5.92329499848863
151 154 0.703346027514742
151 2374 0.416663161034508
151 2377 0.370166474322102
151 2974 0.858526583106307
151 3070 0.442449933198222
151 3439 1.9045368098214
151 3523 2.16476616101311
152 134 1.47222656234921
152 140 0.503962402108555
152 149 0.0482983832647821
152 152 5.92329499848863
152 155 0.703346027514742
152 2375 0.416663161034508
152 2378 0.370166474322102
152 2975 0.858526583106307
152 3071 0.442449933198222
152 3440 1.9045368098214
152 3524 2.16476616101311
153 132 0.732364179832556
153 138 0.0631780031955924
153 150 0.703346027514742
153 153 9.43088817757253
153 1149 1.63420962432089
153 1155 0.98253153316633
153 1536 0.67982397347386
153 2571 0.787565873179758
153 2574 0.127427310876669
153 2973 0.541559824434259
153 3210 1.53267849261976
153 3438 2.98991057895048
153 3456 3.3717368447939
154 133 0.732364179832556
154 139 0.0631780031955924
154 151 0.703346027514742
154 154 9.43088817757253
154 1150 1.63420962432089
154 1156 0.98253153316633
154 1537 0.67982397347386
154 2572 0.787565873179758
154 2575 0.127427310876669
154 2974 0.541559824434259
154 3211 1.53267849261976
154 3439 2.98991057895048
154 3457 3.3717368447939
155 134 0.732364179832556
155 140 0.0631780031955924
155 152 0.703346027514742
155 155 9.43088817757253
155 1151 1.63420962432089
155 1157 0.98253153316633
155 1538 0.67982397347386
155 2573 0.787565873179758
155 2576 0.127427310876669
155 2975 0.541559824434259
155 3212 1.53267849261976
155 3440 2.98991057895048
155 3458 3.3717368447939
156 156 2.704316565551
156 159 0.372827153355435
156 162 0.299429817694255
156 165 0.384305480475673
156 168 0.22796589146023
156 171 0.591732200824089
156 1953 0.938964401142369
156 2310 0.43628936463729
156 2313 0.387598928595974
156 2922 0.41736161014118
157 157 2.704316565551
157 160 0.372827153355435
157 163 0.299429817694255
157 166 0.384305480475673
157 169 0.22796589146023
157 172 0.591732200824089
157 1954 0.938964401142369
157 2311 0.43628936463729
157 2314 0.387598928595974
157 2923 0.41736161014118
158 158 2.704316565551
158 161 0.372827153355435
158 164 0.299429817694255
158 167 0.384305480475673
158 170 0.22796589146023
158 173 0.591732200824089
158 1955 0.938964401142369
158 2312 0.43628936463729
158 2315 0.387598928595974
158 2924 0.41736161014118
159 156 0.372827153355435
159 159 1.89490342854251
159 162 0.0610223314676803
159 165 0.350082649016743
159 1953 0.711356444594228
159 2310 0.389828516506913
159 2316 0.375165725368857
159 2580 0.406999384294557
159 2583 0.175072938209344
160 157 0.372827153355435
160 160 1.89490342854251
160 163 0.0610223314676803
160 166 0.350082649016743
160 1954 0.711356444594228
160 2311 0.389828516506913
160 2317 0.375165725368857
160 2581 0.406999384294557
160 2584 0.175072938209344
161 158 0.372827153355435
161 161 1.89490342854251
161 164 0.0610223314676803
161 167 0.350082649016743
161 1955 0.711356444594228
161 2312 0.389828516506913
161 2318 0.375165725368857
161 2582 0.406999384294557
161 2585 0.175072938209344
162 156 0.299429817694255
162 159 0.0610223314676803
162 162 0.59885963538851
162 165 0.1852279901729
162 168 0.114201827521355
162 171 0.238407486226575
163 157 0.299429817694255
163 160 0.0610223314676803
163 163 0.59885963538851
163 166 0.1852279901729
163 169 0.114201827521355
163 172 0.238407486226575
164 158 0.299429817694255
164 161 0.0610223314676803
164 164 0.59885963538851
164 167 0.1852279901729
164 170 0.114201827521355
164 173 0.238407486226575
165 156 0.384305480475673
165 159 0.350082649016743
165 162 0.1852279901729
165 165 1.16752863204527
165 171 0.233681667005891
165 1953 0.311508804422363
165 2580 0.19945883554696
165 2583 0.0870275214273709
166 157 0.384305480475673
166 160 0.350082649016743
166 163 0.1852279901729
166 166 1.16752863204527
166 172 0.233681667005891
166 1954 0.311508804422363
166 2581 0.19945883554696
166 2584 0.0870275214273709
167 158 0.384305480475673
167 161 0.350082649016743
167 164 0.1852279901729
167 167 1.16752863204527
167 173 0.233681667005891
167 1955 0.311508804422363
167 2582 0.19945883554696
167 2585 0.0870275214273709
168 156 0.22796589146023
168 162 0.114201827521355
168 168 1.27991162522638
168 171 0.396184277398855
168 1374 0.243771535214337
168 1380 0.04019932759788
168 2700 0.371790593555082
168 2706 0.175719475602524
168 2922 0.350034509489313
169 157 0.22796589146023
169 163 0.114201827521355
169 169 1.27991162522638
169 172 0.396184277398855
169 1375 0.243771535214337
169 1381 0.04019932759788
169 2701 0.371790593555082
169 2707 0.175719475602524
169 2923 0.350034509489313
170 158 0.22796589146023
170 164 0.114201827521355
170 170 1.27991162522638
170 173 0.396184277398855
170 1376 0.243771535214337
170 1382 0.04019932759788
170 2702 0.371790593555082
170 2708 0.175719475602524
170 2924 0.350034509489313
171 156 0.591732200824089
171 162 0.238407486226575
171 165 0.233681667005891
171 168 0.396184277398855
171 171 2.3431136255619
